hedis: 0.678707224335 1.0 0.999456816947
hello:0.33038585209 1.0 0.89308681672
searchlight:0.40988372093 1.0 0.997093023256
uconnect:0.497808219178 1.0 0.988904109589